$ 1 0.000005 45.7144713268909 45 5 43 5e-11
165 240 208 336 208 6 0
R 304 176 304 112 0 0 40 12 0 0 0.5
g 336 368 336 400 0 0
r 368 272 464 272 0 1000
g 464 272 464 304 0 0
w 240 336 224 336 0
w 224 336 224 304 0
w 224 304 240 304 0
w 224 304 192 304 0
c 192 304 192 400 0 0.000006799999999999999 4.831030552310953 0.001
g 192 400 192 432 0 0
174 160 272 208 304 1 100000 0.5 Resistance
r 192 128 192 192 0 1000
R 192 128 192 96 0 0 40 12 0 0 0.5
w 304 176 368 176 0
w 368 176 368 240 0
w 240 240 240 192 0
d 160 192 160 272 2 default
d 224 272 224 192 2 default
w 160 192 192 192 0
w 192 192 224 192 0
w 224 192 240 192 0
